#ifndef _AMD_SHADOWFX_FILTER_SIZE_13_FIXED_INC_
#define _AMD_SHADOWFX_FILTER_SIZE_13_FIXED_INC_

// Blocker search window _C_A_N_ potentially be of a different size than filtering window
// Usually this would be a performance benefit to have a smaller blocker search window
// But at the same time it will lead to visual artifacts if the light source is large
#define AMD_SHADOWS_BLOCKER_FILTER_SIZE                    ( 13 )
#define BFS                                                ( AMD_SHADOWS_BLOCKER_FILTER_SIZE     ) // abbreviation for Blocker Filter Size
#define BFR                                                ( AMD_SHADOWS_BLOCKER_FILTER_SIZE / 2 ) // abbreviation for Blocker Filter Radius

// 4 control matrices for a dynamic cubic bezier filter weights matrix

static const float g_ultraGaussianWeight[13][13] =
{
  { 0.0035516294327420, 0.0038011654910869, 0.0040183175030531, 0.0041957544130099, 0.0043272721607393, 0.0044081534195186, 0.0044354484001929, 0.0044081534195186, 0.0043272721607393, 0.0041957544130099, 0.0040183175030531, 0.0038011654910869, 0.0035516294327420 },
  { 0.0038011654910869, 0.0040682338527291, 0.0043006428778928, 0.0044905464339211, 0.0046313045658156, 0.0047178685093717, 0.0047470812244321, 0.0047178685093717, 0.0046313045658156, 0.0044905464339211, 0.0043006428778928, 0.0040682338527291, 0.0038011654910869 },
  { 0.0040183175030531, 0.0043006428778928, 0.0045463289065260, 0.0047470812244321, 0.0048958805509585, 0.0049873896973874, 0.0050182712689776, 0.0049873896973874, 0.0048958805509585, 0.0047470812244321, 0.0045463289065260, 0.0043006428778928, 0.0040183175030531 },
  { 0.0041957544130099, 0.0044905464339211, 0.0047470812244321, 0.0049566981656362, 0.0051120680263930, 0.0052076179436576, 0.0052398631532962, 0.0052076179436576, 0.0051120680263930, 0.0049566981656362, 0.0047470812244321, 0.0044905464339211, 0.0041957544130099 },
  { 0.0043272721607393, 0.0046313045658156, 0.0048958805509585, 0.0051120680263930, 0.0052723080230396, 0.0053708529940365, 0.0054041089438017, 0.0053708529940365, 0.0052723080230396, 0.0051120680263930, 0.0048958805509585, 0.0046313045658156, 0.0043272721607393 },
  { 0.0044081534195186, 0.0047178685093717, 0.0049873896973874, 0.0052076179436576, 0.0053708529940365, 0.0054712398739785, 0.0055051174123517, 0.0054712398739785, 0.0053708529940365, 0.0052076179436576, 0.0049873896973874, 0.0047178685093717, 0.0044081534195186 },
  { 0.0044354484001929, 0.0047470812244321, 0.0050182712689776, 0.0052398631532962, 0.0054041089438017, 0.0055051174123517, 0.0055392047180963, 0.0055051174123517, 0.0054041089438017, 0.0052398631532962, 0.0050182712689776, 0.0047470812244321, 0.0044354484001929 },
  { 0.0044081534195186, 0.0047178685093717, 0.0049873896973874, 0.0052076179436576, 0.0053708529940365, 0.0054712398739785, 0.0055051174123517, 0.0054712398739785, 0.0053708529940365, 0.0052076179436576, 0.0049873896973874, 0.0047178685093717, 0.0044081534195186 },
  { 0.0043272721607393, 0.0046313045658156, 0.0048958805509585, 0.0051120680263930, 0.0052723080230396, 0.0053708529940365, 0.0054041089438017, 0.0053708529940365, 0.0052723080230396, 0.0051120680263930, 0.0048958805509585, 0.0046313045658156, 0.0043272721607393 },
  { 0.0041957544130099, 0.0044905464339211, 0.0047470812244321, 0.0049566981656362, 0.0051120680263930, 0.0052076179436576, 0.0052398631532962, 0.0052076179436576, 0.0051120680263930, 0.0049566981656362, 0.0047470812244321, 0.0044905464339211, 0.0041957544130099 },
  { 0.0040183175030531, 0.0043006428778928, 0.0045463289065260, 0.0047470812244321, 0.0048958805509585, 0.0049873896973874, 0.0050182712689776, 0.0049873896973874, 0.0048958805509585, 0.0047470812244321, 0.0045463289065260, 0.0043006428778928, 0.0040183175030531 } ,
  { 0.0038011654910869, 0.0040682338527291, 0.0043006428778928, 0.0044905464339211, 0.0046313045658156, 0.0047178685093717, 0.0047470812244321, 0.0047178685093717, 0.0046313045658156, 0.0044905464339211, 0.0043006428778928, 0.0040682338527291, 0.0038011654910869 },
  { 0.0035516294327420, 0.0038011654910869, 0.0040183175030531, 0.0041957544130099, 0.0043272721607393, 0.0044081534195186, 0.0044354484001929, 0.0044081534195186, 0.0043272721607393, 0.0041957544130099, 0.0040183175030531, 0.0038011654910869, 0.0035516294327420 },
};
static const float g_highGaussianWeight[13][13] =
{
  { 0.00261105761439154, 0.00304205457226390, 0.00344709943270571, 0.00379906641201317, 0.00407226680901015, 0.00424552915884146, 0.00430490622787087, 0.00424552915884146, 0.00407226680901015, 0.00379906641201317, 0.00344709943270571, 0.00304205457226390, 0.00261105761439154, },
  { 0.0030420545722639,  0.00354419449407218, 0.00401609850832585, 0.00442616328544403, 0.00474445979190493, 0.00494632187284884, 0.00501550007992208, 0.00494632187284884, 0.00474445979190493, 0.00442616328544403, 0.00401609850832585, 0.00354419449407218, 0.0030420545722639,  },
  { 0.00344709943270571, 0.00401609850832585, 0.00455083581207342, 0.00501550007992208, 0.00537617727383483, 0.00560491697858927, 0.00568330615692025, 0.00560491697858927, 0.00537617727383483, 0.00501550007992208, 0.00455083581207342, 0.00401609850832585, 0.00344709943270571, },
  { 0.00379906641201317, 0.00442616328544403, 0.00501550007992208, 0.00552760901304354, 0.00592511324514443, 0.00617720847662555, 0.00626360160228854, 0.00617720847662555, 0.00592511324514443, 0.00552760901304354, 0.00501550007992208, 0.00442616328544403, 0.00379906641201317, },
  { 0.00407226680901015, 0.00474445979190493, 0.00537617727383483, 0.00592511324514443, 0.00635120300385642, 0.00662142703590388, 0.00671403290798117, 0.00662142703590388, 0.00635120300385642, 0.00592511324514443, 0.00537617727383483, 0.00474445979190493, 0.00407226680901015, },
  { 0.00424552915884146, 0.00494632187284884, 0.00560491697858927, 0.00617720847662555, 0.00662142703590388, 0.00690314826422293, 0.00699969422955953, 0.00690314826422293, 0.00662142703590388, 0.00617720847662555, 0.00560491697858927, 0.00494632187284884, 0.00424552915884146, },
  { 0.00430490622787087, 0.00501550007992208, 0.00568330615692025, 0.00626360160228854, 0.00671403290798117, 0.00699969422955953, 0.00709759046626015, 0.00699969422955953, 0.00671403290798117, 0.00626360160228854, 0.00568330615692025, 0.00501550007992208, 0.00430490622787087, },
  { 0.00424552915884146, 0.00494632187284884, 0.00560491697858927, 0.00617720847662555, 0.00662142703590388, 0.00690314826422293, 0.00699969422955953, 0.00690314826422293, 0.00662142703590388, 0.00617720847662555, 0.00560491697858927, 0.00494632187284884, 0.00424552915884146, },
  { 0.00407226680901015, 0.00474445979190493, 0.00537617727383483, 0.00592511324514443, 0.00635120300385642, 0.00662142703590388, 0.00671403290798117, 0.00662142703590388, 0.00635120300385642, 0.00592511324514443, 0.00537617727383483, 0.00474445979190493, 0.00407226680901015, },
  { 0.00379906641201317, 0.00442616328544403, 0.00501550007992208, 0.00552760901304354, 0.00592511324514443, 0.00617720847662555, 0.00626360160228854, 0.00617720847662555, 0.00592511324514443, 0.00552760901304354, 0.00501550007992208, 0.00442616328544403, 0.00379906641201317, },
  { 0.00344709943270571, 0.00401609850832585, 0.00455083581207342, 0.00501550007992208, 0.00537617727383483, 0.00560491697858927, 0.00568330615692025, 0.00560491697858927, 0.00537617727383483, 0.00501550007992208, 0.00455083581207342, 0.00401609850832585, 0.00344709943270571, },
  { 0.0030420545722639,  0.00354419449407218, 0.00401609850832585, 0.00442616328544403, 0.00474445979190493, 0.00494632187284884, 0.00501550007992208, 0.00494632187284884, 0.00474445979190493, 0.00442616328544403, 0.00401609850832585, 0.00354419449407218, 0.0030420545722639,  },
  { 0.00261105761439154, 0.00304205457226390, 0.00344709943270571, 0.00379906641201317, 0.00407226680901015, 0.00424552915884146, 0.00430490622787087, 0.00424552915884146, 0.00407226680901015, 0.00379906641201317, 0.00344709943270571, 0.00304205457226390, 0.00261105761439154, },

};

static const float g_mediumGaussianWeight[13][13] =
{
  { 0.000331819215465985, 0.000611369424974972, 0.00100797777521194, 0.00148711055128206, 0.00196327262540686, 0.00231933255931847, 0.00245183079778132, 0.00231933255931847, 0.00196327262540686, 0.00148711055128206, 0.00100797777521194, 0.000611369424974972, 0.000331819215465985, },
  { 0.000611369424974972, 0.00112643438466735,  0.00185717633004906, 0.0027399676698492,  0.00361728555827756, 0.00427331796057971, 0.00451744297831105, 0.00427331796057971, 0.00361728555827756, 0.0027399676698492,  0.00185717633004906, 0.00112643438466735,  0.000611369424974972, },
  { 0.001007977775211940, 0.00185717633004906,  0.00306196611879269, 0.00451744297831105, 0.00596389564212859, 0.00704551021807266, 0.00744800432751636, 0.00704551021807266, 0.00596389564212859, 0.00451744297831105, 0.00306196611879269, 0.00185717633004906,  0.00100797777521194,  },
  { 0.001487110551282060, 0.00273996766984920,  0.00451744297831105, 0.00666476710406521, 0.00879877746737984, 0.0103945273815768,  0.0109883432887348,  0.0103945273815768,  0.00879877746737984, 0.00666476710406521, 0.00451744297831105, 0.0027399676698492,   0.00148711055128206,  },
  { 0.001963272625406860, 0.00361728555827756,  0.00596389564212859, 0.00879877746737984, 0.0116160825594715,  0.0137227800883387,  0.0145067315666261,  0.0137227800883387,  0.0116160825594715,  0.00879877746737984, 0.00596389564212859, 0.00361728555827756,  0.00196327262540686,  },
  { 0.002319332559318470, 0.00427331796057971,  0.00704551021807266, 0.0103945273815768,  0.0137227800883387,  0.0162115491508243,  0.0171376783928806,  0.0162115491508243,  0.0137227800883387,  0.0103945273815768,  0.00704551021807266, 0.00427331796057971,  0.00231933255931847,  },
  { 0.002451830797781320, 0.00451744297831105,  0.00744800432751636, 0.0109883432887348,  0.0145067315666261,  0.0171376783928806,  0.0181167153098921,  0.0171376783928806,  0.0145067315666261,  0.0109883432887348,  0.00744800432751636, 0.00451744297831105,  0.00245183079778132,  },
  { 0.002319332559318470, 0.00427331796057971,  0.00704551021807266, 0.0103945273815768,  0.0137227800883387,  0.0162115491508243,  0.0171376783928806,  0.0162115491508243,  0.0137227800883387,  0.0103945273815768,  0.00704551021807266, 0.00427331796057971,  0.00231933255931847,  },
  { 0.001963272625406860, 0.00361728555827756,  0.00596389564212859, 0.00879877746737984, 0.0116160825594715,  0.0137227800883387,  0.0145067315666261,  0.0137227800883387,  0.0116160825594715,  0.00879877746737984, 0.00596389564212859, 0.00361728555827756,  0.00196327262540686,  },
  { 0.001487110551282060, 0.00273996766984920,  0.00451744297831105, 0.00666476710406521, 0.00879877746737984, 0.0103945273815768,  0.0109883432887348,  0.0103945273815768,  0.00879877746737984, 0.00666476710406521, 0.00451744297831105, 0.0027399676698492,   0.00148711055128206,  },
  { 0.001007977775211940, 0.00185717633004906,  0.00306196611879269, 0.00451744297831105, 0.00596389564212859, 0.00704551021807266, 0.00744800432751636, 0.00704551021807266, 0.00596389564212859, 0.00451744297831105, 0.00306196611879269, 0.00185717633004906,  0.00100797777521194,  },
  { 0.000611369424974972, 0.00112643438466735,  0.00185717633004906, 0.0027399676698492,  0.00361728555827756, 0.00427331796057971, 0.00451744297831105, 0.00427331796057971, 0.00361728555827756, 0.0027399676698492,  0.00185717633004906, 0.00112643438466735,  0.000611369424974972, },
  { 0.000331819215465985, 0.000611369424974972, 0.00100797777521194, 0.00148711055128206, 0.00196327262540686, 0.00231933255931847, 0.00245183079778132, 0.00231933255931847, 0.00196327262540686, 0.00148711055128206, 0.00100797777521194, 0.000611369424974972, 0.000331819215465985, },
};

static const float g_lowGaussianWeight[13][13] =
{
  { 0.0, 0.0, 0.0, 0.0, 0.0, 0.0, 0.0, 0.0, 0.0, 0.0, 0.0, 0.0, 0.0 },
  { 0.0, 0.0, 0.0, 0.0, 0.0, 0.0, 0.0, 0.0, 0.0, 0.0, 0.0, 0.0, 0.0 },
  { 0.0, 0.0, 0.0, 0.0, 0.0, 0.0, 0.0, 0.0, 0.0, 0.0, 0.0, 0.0, 0.0 },
  { 0.0, 0.0, 0.0, 0.0, 0.000239279776639906, 0.00107237755972, 0.00176805169293186, 0.00107237755972, 0.000239279776639906, 0.0, 0.0, 0.0, 0.0 },
  { 0.0, 0.0, 0.0, 0.000239279776639906, 0.00291502443383414, 0.0130642331448829, 0.021539279071354, 0.0130642331448829, 0.00291502443383414, 0.000239279776639906, 0.0, 0.0, 0.0 },
  { 0.0, 0.0, 0.0, 0.00107237755972, 0.0130642331448829, 0.0585498308977698, 0.0965323515970486, 0.0585498308977698, 0.0130642331448829, 0.00107237755972, 0.0, 0.0, 0.0 },
  { 0.0, 0.0, 0.0, 0.00176805169293186, 0.021539279071354, 0.0965323515970486, 0.159154941388758, 0.0965323515970486, 0.021539279071354, 0.00176805169293186, 0.0, 0.0, 0.0 },
  { 0.0, 0.0, 0.0, 0.00107237755972, 0.0130642331448829, 0.0585498308977698, 0.0965323515970486, 0.0585498308977698, 0.0130642331448829, 0.00107237755972, 0.0, 0.0, 0.0 },
  { 0.0, 0.0, 0.0, 0.000239279776639906, 0.00291502443383414, 0.0130642331448829, 0.021539279071354, 0.0130642331448829, 0.00291502443383414, 0.000239279776639906, 0.0, 0.0, 0.0 },
  { 0.0, 0.0, 0.0, 0.0, 0.000239279776639906, 0.00107237755972, 0.00176805169293186, 0.00107237755972, 0.000239279776639906, 0.0, 0.0, 0.0, 0.0},
  { 0.0, 0.0, 0.0, 0.0, 0.0, 0.0, 0.0, 0.0, 0.0, 0.0, 0.0, 0.0, 0.0 },
  { 0.0, 0.0, 0.0, 0.0, 0.0, 0.0, 0.0, 0.0, 0.0, 0.0, 0.0, 0.0, 0.0 },
  { 0.0, 0.0, 0.0, 0.0, 0.0, 0.0, 0.0, 0.0, 0.0, 0.0, 0.0, 0.0, 0.0 },
};  


#endif  //_AMD_SHADOWFX_FILTER_SIZE_13_FIXED_INC_