#ifndef _AMD_SHADOWFX_FILTER_SIZE_9_FIXED_INC_
#define _AMD_SHADOWFX_FILTER_SIZE_9_FIXED_INC_

// Blocker search window _C_A_N_ potentially be of a different size than filtering window
// Usually this would be a performance benefit to have a smaller blocker search window
// But at the same time it will lead to visual artifacts if the light source is large
#define AMD_SHADOWS_BLOCKER_FILTER_SIZE                    ( 9 )
#define BFS                                                ( AMD_SHADOWS_BLOCKER_FILTER_SIZE     ) // abbreviation for Blocker Filter Size
#define BFR                                                ( AMD_SHADOWS_BLOCKER_FILTER_SIZE / 2 ) // abbreviation for Blocker Filter Radius

// 4 control matrices for a dynamic cubic bezier filter weights matrix

static const float g_ultraGaussianWeight[AMD_SHADOWFX_FILTER_SIZE][AMD_SHADOWFX_FILTER_SIZE] =
{
  { 0.010987785548595, 0.0114729733699974, 0.0118325987123918, 0.0120537624023423, 0.0121283984643196, 0.0120537624023423, 0.0118325987123918, 0.0114729733699974, 0.010987785548595 },
  { 0.0114729733699974, 0.0119795856377541, 0.0123550909621181, 0.0125860205806468, 0.0126639523484011, 0.0125860205806468, 0.0123550909621181, 0.0119795856377541, 0.0114729733699974 },
  { 0.0118325987123918, 0.0123550909621181, 0.0127423666642639, 0.0129805348721673, 0.0130609094450915, 0.0129805348721673, 0.0127423666642639, 0.0123550909621181, 0.0118325987123918 },
  { 0.0120537624023423, 0.0125860205806468, 0.0129805348721673, 0.0132231546938683, 0.0133050315519251, 0.0132231546938683, 0.0129805348721673, 0.0125860205806468, 0.0120537624023423 },
  { 0.0121283984643196, 0.0126639523484011, 0.0130609094450915, 0.0133050315519251, 0.0133874153858163, 0.0133050315519251, 0.0130609094450915, 0.0126639523484011, 0.0121283984643196 },
  { 0.0120537624023423, 0.0125860205806468, 0.0129805348721673, 0.0132231546938683, 0.0133050315519251, 0.0132231546938683, 0.0129805348721673, 0.0125860205806468, 0.0120537624023423 },
  { 0.0118325987123918, 0.0123550909621181, 0.0127423666642639, 0.0129805348721673, 0.0130609094450915, 0.0129805348721673, 0.0127423666642639, 0.0123550909621181, 0.0118325987123918 },
  { 0.0114729733699974, 0.0119795856377541, 0.0123550909621181, 0.0125860205806468, 0.0126639523484011, 0.0125860205806468, 0.0123550909621181, 0.0119795856377541, 0.0114729733699974 },
  { 0.010987785548595, 0.0114729733699974, 0.0118325987123918, 0.0120537624023423, 0.0121283984643196, 0.0120537624023423, 0.0118325987123918, 0.0114729733699974, 0.010987785548595 }
};

static const float g_highGaussianWeight[AMD_SHADOWFX_FILTER_SIZE][AMD_SHADOWFX_FILTER_SIZE] =
{
  { 0.0094644622723984, 0.0104308336410858, 0.0111809410576719, 0.0116566554967876, 0.0118196830045938, 0.0116566554967876, 0.0111809410576719, 0.0104308336410858, 0.0094644622723984 },
  { 0.0104308336410858, 0.011495876608364, 0.012322573936766, 0.0128468613217503, 0.0130265347954148, 0.0128468613217503, 0.012322573936766, 0.011495876608364, 0.0104308336410858 },
  { 0.0111809410576719, 0.012322573936766, 0.0132087211441177, 0.0137707113503175, 0.013963305594248, 0.0137707113503175, 0.0132087211441177, 0.012322573936766, 0.0111809410576719 },
  { 0.0116566554967876, 0.0128468613217503, 0.0137707113503175, 0.0143566125005382, 0.0145574010335054, 0.0143566125005382, 0.0137707113503175, 0.0128468613217503, 0.0116566554967876 },
  { 0.0118196830045938, 0.0130265347954148, 0.013963305594248, 0.0145574010335054, 0.0147609977522454, 0.0145574010335054, 0.013963305594248, 0.0130265347954148, 0.0118196830045938 },
  { 0.0116566554967876, 0.0128468613217503, 0.0137707113503175, 0.0143566125005382, 0.0145574010335054, 0.0143566125005382, 0.0137707113503175, 0.0128468613217503, 0.0116566554967876 },
  { 0.0111809410576719, 0.012322573936766, 0.0132087211441177, 0.0137707113503175, 0.013963305594248, 0.0137707113503175, 0.0132087211441177, 0.012322573936766, 0.0111809410576719 },
  { 0.0104308336410858, 0.011495876608364, 0.012322573936766, 0.0128468613217503, 0.0130265347954148, 0.0128468613217503, 0.012322573936766, 0.011495876608364, 0.0104308336410858 },
  { 0.0094644622723984, 0.0104308336410858, 0.0111809410576719, 0.0116566554967876, 0.0118196830045938, 0.0116566554967876, 0.0111809410576719, 0.0104308336410858, 0.0094644622723984 }
};

static const float g_mediumGaussianWeight[AMD_SHADOWFX_FILTER_SIZE][AMD_SHADOWFX_FILTER_SIZE] =
{
  { 0.00396524662012744, 0.00585008938911093, 0.00772324582319922, 0.00912393687435751, 0.00964516681132432, 0.00912393687435751, 0.00772324582319922, 0.00585008938911093, 0.00396524662012744 },
  { 0.00585008938911093, 0.00863087448000608, 0.0113944182463841, 0.0134609146439122, 0.0142299063399289, 0.0134609146439122, 0.0113944182463841, 0.00863087448000608, 0.00585008938911093 },
  { 0.00772324582319922, 0.0113944182463841, 0.0150428287972785, 0.0177710024386201, 0.0187862197300671, 0.0177710024386201, 0.0150428287972785, 0.0113944182463841, 0.00772324582319922 },
  { 0.00912393687435751, 0.0134609146439122, 0.0177710024386201, 0.0209939587779247, 0.0221932962964969, 0.0209939587779247, 0.0177710024386201, 0.0134609146439122, 0.00912393687435751 },
  { 0.00964516681132432, 0.0142299063399289, 0.0187862197300671, 0.0221932962964969, 0.0234611492627114, 0.0221932962964969, 0.0187862197300671, 0.0142299063399289, 0.00964516681132432 },
  { 0.00912393687435751, 0.0134609146439122, 0.0177710024386201, 0.0209939587779247, 0.0221932962964969, 0.0209939587779247, 0.0177710024386201, 0.0134609146439122, 0.00912393687435751 },
  { 0.00772324582319922, 0.0113944182463841, 0.0150428287972785, 0.0177710024386201, 0.0187862197300671, 0.0177710024386201, 0.0150428287972785, 0.0113944182463841, 0.00772324582319922 },
  { 0.00585008938911093, 0.00863087448000608, 0.0113944182463841, 0.0134609146439122, 0.0142299063399289, 0.0134609146439122, 0.0113944182463841, 0.00863087448000608, 0.00585008938911093 },
  { 0.00396524662012744, 0.00585008938911093, 0.00772324582319922, 0.00912393687435751, 0.00964516681132432, 0.00912393687435751, 0.00772324582319922, 0.00585008938911093, 0.00396524662012744 }
};

static const float g_lowGaussianWeight[AMD_SHADOWFX_FILTER_SIZE][AMD_SHADOWFX_FILTER_SIZE] =
{
  { 0.0, 0.0, 0.0, 0.0, 0.0, 0.0, 0.0, 0.0, 0.0 },
  { 0.0, 0.0, 0.000239279776639906, 0.00107237755972, 0.00176805169293186, 0.00107237755972, 0.000239279776639906, 0.0, 0.0 },
  { 0.0, 0.000239279776639906, 0.00291502443383414, 0.0130642331448829, 0.021539279071354, 0.0130642331448829, 0.00291502443383414, 0.000239279776639906, 0.0 },
  { 0.0, 0.00107237755972, 0.0130642331448829, 0.0585498308977698, 0.0965323515970486, 0.0585498308977698, 0.0130642331448829, 0.00107237755972, 0.0 },
  { 0.0, 0.00176805169293186, 0.021539279071354, 0.0965323515970486, 0.159154941388758, 0.0965323515970486, 0.021539279071354, 0.00176805169293186, 0.0 },
  { 0.0, 0.00107237755972, 0.0130642331448829, 0.0585498308977698, 0.0965323515970486, 0.0585498308977698, 0.0130642331448829, 0.00107237755972, 0.0 },
  { 0.0, 0.000239279776639906, 0.00291502443383414, 0.0130642331448829, 0.021539279071354, 0.0130642331448829, 0.00291502443383414, 0.000239279776639906, 0.0 },
  { 0.0, 0.0, 0.000239279776639906, 0.00107237755972, 0.00176805169293186, 0.00107237755972, 0.000239279776639906, 0.0, 0.0 },
  { 0.0, 0.0, 0.0, 0.0, 0.0, 0.0, 0.0, 0.0, 0.0 },
};

#endif  // _AMD_SHADOWFX_FILTER_SIZE_9_FIXED_INC_