#ifndef AMD_SHADOWFX_FILTER_SIZE_7_FIXED_INC
#define AMD_SHADOWFX_FILTER_SIZE_7_FIXED_INC

// Blocker search window _C_A_N_ potentially be of a different size than filtering window
// Usually this would be a performance benefit to have a smaller blocker search window
// But at the same time it will lead to visual artifacts if the light source is large
#define AMD_SHADOWS_BLOCKER_FILTER_SIZE                    ( 7 )
#define BFS                                                ( AMD_SHADOWS_BLOCKER_FILTER_SIZE     ) // abbreviation for Blocker Filter Size
#define BFR                                                ( AMD_SHADOWS_BLOCKER_FILTER_SIZE / 2 ) // abbreviation for Blocker Filter Radius

// 4 control matrices for a dynamic cubic bezier filter weights matrix

static const float g_ultraGaussianWeight[AMD_SHADOWFX_FILTER_SIZE][AMD_SHADOWFX_FILTER_SIZE] =
{
  { 0.0191777516727248, 0.0197788866435157, 0.0201485747956721, 0.0202733333753594, 0.0201485747956721, 0.0197788866435157, 0.0191777516727248 },
  { 0.0197788866435157, 0.0203988644515315, 0.0207801406396757, 0.0209088098313281, 0.0207801406396757, 0.0203988644515315, 0.0197788866435157 },
  { 0.0201485747956721, 0.0207801406396757, 0.0211685432799806, 0.0212996174338818, 0.0211685432799806, 0.0207801406396757, 0.0201485747956721 },
  { 0.0202733333753594, 0.0209088098313281, 0.0212996174338818, 0.0214315031898661, 0.0212996174338818, 0.0209088098313281, 0.0202733333753594 },
  { 0.0201485747956721, 0.0207801406396757, 0.0211685432799806, 0.0212996174338818, 0.0211685432799806, 0.0207801406396757, 0.0201485747956721 },
  { 0.0197788866435157, 0.0203988644515315, 0.0207801406396757, 0.0209088098313281, 0.0207801406396757, 0.0203988644515315, 0.0197788866435157 },
  { 0.0191777516727248, 0.0197788866435157, 0.0201485747956721, 0.0202733333753594, 0.0201485747956721, 0.0197788866435157, 0.0191777516727248 }
};

static const float g_highGaussianWeight[AMD_SHADOWFX_FILTER_SIZE][AMD_SHADOWFX_FILTER_SIZE] =
{
  { 0.0177209703632093, 0.0189953298013837, 0.0198035222974958, 0.0200804901539137, 0.0198035222974958, 0.0189953298013837, 0.0177209703632093 },
  { 0.0189953298013837, 0.0203613316239411, 0.0212276432700869, 0.0215245285799322, 0.0212276432700869, 0.0203613316239411, 0.0189953298013837 },
  { 0.0198035222974958, 0.0212276432700869, 0.0221308137957063, 0.0224403306566818, 0.0221308137957063, 0.0212276432700869, 0.0198035222974958 },
  { 0.0200804901539137, 0.0215245285799322, 0.0224403306566818, 0.0227541763547309, 0.0224403306566818, 0.0215245285799322, 0.0200804901539137 },
  { 0.0198035222974958, 0.0212276432700869, 0.0221308137957063, 0.0224403306566818, 0.0221308137957063, 0.0212276432700869, 0.0198035222974958 },
  { 0.0189953298013837, 0.0203613316239411, 0.0212276432700869, 0.0215245285799322, 0.0212276432700869, 0.0203613316239411, 0.0189953298013837 },
  { 0.0177209703632093, 0.0189953298013837, 0.0198035222974958, 0.0200804901539137, 0.0198035222974958, 0.0189953298013837, 0.0177209703632093 }
};

static const float g_mediumGaussianWeight[AMD_SHADOWFX_FILTER_SIZE][AMD_SHADOWFX_FILTER_SIZE] =
{
  { 0.0112972493575865, 0.0149145471310277, 0.0176194555564150, 0.0186260153162562, 0.0176194555564150, 0.0149145471310277, 0.0112972493575865 },
  { 0.0149145471310277, 0.0196900775651435, 0.0232610781617145, 0.0245899310977849, 0.0232610781617145, 0.0196900775651435, 0.0149145471310277 },
  { 0.0176194555564150, 0.0232610781617145, 0.0274797169008232, 0.0290495711540169, 0.0274797169008232, 0.0232610781617145, 0.0176194555564150 },
  { 0.0186260153162562, 0.0245899310977849, 0.0290495711540169, 0.0307091076402979, 0.0290495711540169, 0.0245899310977849, 0.0186260153162562 },
  { 0.0176194555564150, 0.0232610781617145, 0.0274797169008232, 0.0290495711540169, 0.0274797169008232, 0.0232610781617145, 0.0176194555564150 },
  { 0.0149145471310277, 0.0196900775651435, 0.0232610781617145, 0.0245899310977849, 0.0232610781617145, 0.0196900775651435, 0.0149145471310277 },
  { 0.0112972493575865, 0.0149145471310277, 0.0176194555564150, 0.0186260153162562, 0.0176194555564150, 0.0149145471310277, 0.0112972493575865 }
};

static const float g_lowGaussianWeight[AMD_SHADOWFX_FILTER_SIZE][AMD_SHADOWFX_FILTER_SIZE] =
{
  { 1.96519161240319E-05, 0.00023940934949727, 0.00107295826497866, 0.0017690091140438, 0.0010729582649786, 0.00023940934949727, 1.96519161240319E-05 },
  { 0.000239409349497270, 0.00291660295438644, 0.01307130758318940, 0.0215509428482683, 0.0130713075831894, 0.00291660295438644, 0.000239409349497270 },
  { 0.001072958264978660, 0.01307130758318940, 0.05858153633060710, 0.0965846250185642, 0.0585815363306071, 0.01307130758318940, 0.001072958264978660 },
  { 0.001769009114043820, 0.02155094284826830, 0.09658462501856420, 0.1592411256907030, 0.0965846250185642, 0.02155094284826830, 0.001769009114043820 },
  { 0.001072958264978660, 0.01307130758318940, 0.05858153633060710, 0.0965846250185642, 0.0585815363306071, 0.01307130758318940, 0.001072958264978660 },
  { 0.000239409349497270, 0.00291660295438644, 0.01307130758318940, 0.0215509428482683, 0.0130713075831894, 0.00291660295438644, 0.000239409349497270 },
  { 1.96519161240319E-05, 0.00023940934949727, 0.00107295826497866, 0.0017690091140438, 0.0010729582649786, 0.00023940934949727, 1.96519161240319E-05 }
};

#endif  // AMD_SHADOWFX_FILTER_SIZE_7_FIXED_INC