#ifndef AMD_SHADOWFX_FILTER_SIZE_11_FIXED_INC
#define AMD_SHADOWFX_FILTER_SIZE_11_FIXED_INC

// Blocker search window _C_A_N_ potentially be of a different size than filtering window
// Usually this would be a performance benefit to have a smaller blocker search window
// But at the same time it will lead to visual artifacts if the light source is large
#define AMD_SHADOWS_BLOCKER_FILTER_SIZE                    ( 11 )
#define BFS                                                ( AMD_SHADOWS_BLOCKER_FILTER_SIZE     ) // abbreviation for Blocker Filter Size
#define BFR                                                ( AMD_SHADOWS_BLOCKER_FILTER_SIZE / 2 ) // abbreviation for Blocker Filter Radius

// 4 control matrices for a dynamic cubic bezier filter weights matrix

static const float g_ultraGaussianWeight[AMD_SHADOWFX_FILTER_SIZE][AMD_SHADOWFX_FILTER_SIZE] =
{
  { 0.00684719290159481, 0.00723835759000122, 0.00755798186134257, 0.00779489009140994, 0.00794058476907778, 0.00798975232001984, 0.00794058476907778, 0.00779489009140994, 0.00755798186134257, 0.00723835759000122, 0.00684719290159481 },
  { 0.00723835759000122, 0.00765186863488614, 0.00798975232001984, 0.0082401945829861,  0.00839421246901267, 0.00844618885125544, 0.00839421246901267, 0.0082401945829861,  0.00798975232001984, 0.00765186863488614, 0.00723835759000122 },
  { 0.00755798186134257, 0.00798975232001984, 0.00834255594041734, 0.00860405698637661, 0.00876487584264853, 0.0088191473468295,  0.00876487584264853, 0.00860405698637661, 0.00834255594041734, 0.00798975232001984, 0.00755798186134257 },
  { 0.00779489009140994, 0.0082401945829861,  0.00860405698637661, 0.00887375489640562, 0.00903961468970277, 0.00909558735779687, 0.00903961468970277, 0.00887375489640562, 0.00860405698637661, 0.0082401945829861,  0.00779489009140994 },
  { 0.00794058476907778, 0.00839421246901267, 0.00876487584264853, 0.00903961468970277, 0.00920857457663038, 0.00926559343264252, 0.00920857457663038, 0.00903961468970277, 0.00876487584264853, 0.00839421246901267, 0.00794058476907778 },
  { 0.00798975232001984, 0.00844618885125544, 0.0088191473468295,  0.00909558735779687, 0.00926559343264252, 0.00932296534546209, 0.00926559343264252, 0.00909558735779687, 0.0088191473468295,  0.00844618885125544, 0.00798975232001984 },
  { 0.00794058476907778, 0.00839421246901267, 0.00876487584264853, 0.00903961468970277, 0.00920857457663038, 0.00926559343264252, 0.00920857457663038, 0.00903961468970277, 0.00876487584264853, 0.00839421246901267, 0.00794058476907778 },
  { 0.00779489009140994, 0.0082401945829861,  0.00860405698637661, 0.00887375489640562, 0.00903961468970277, 0.00909558735779687, 0.00903961468970277, 0.00887375489640562, 0.00860405698637661, 0.0082401945829861,  0.00779489009140994 },
  { 0.00755798186134257, 0.00798975232001984, 0.00834255594041734, 0.00860405698637661, 0.00876487584264853, 0.0088191473468295,  0.00876487584264853, 0.00860405698637661, 0.00834255594041734, 0.00798975232001984, 0.00755798186134257 },
  { 0.00723835759000122, 0.00765186863488614, 0.00798975232001984, 0.0082401945829861,  0.00839421246901267, 0.00844618885125544, 0.00839421246901267, 0.0082401945829861,  0.00798975232001984, 0.00765186863488614, 0.00723835759000122 },
  { 0.00684719290159481, 0.00723835759000122, 0.00755798186134257, 0.00779489009140994, 0.00794058476907778, 0.00798975232001984, 0.00794058476907778, 0.00779489009140994, 0.00755798186134257, 0.00723835759000122, 0.00684719290159481 }

};

static const float g_highGaussianWeight[AMD_SHADOWFX_FILTER_SIZE][AMD_SHADOWFX_FILTER_SIZE] =
{
  { 0.0053688757034337,  0.00608373319805396, 0.00670491435004379, 0.00718708156261747, 0.00749286964045489, 0.00759766332369768, 0.00749286964045489, 0.00718708156261747, 0.00670491435004379, 0.00608373319805396, 0.0053688757034337  },
  { 0.00608373319805396, 0.00689377286224615, 0.00759766332369768, 0.00814403035474509, 0.00849053364211284, 0.00860928044217059, 0.00849053364211284, 0.00814403035474509, 0.00759766332369768, 0.00689377286224615, 0.00608373319805396 },
  { 0.00670491435004379, 0.00759766332369768, 0.00837342470280533, 0.00897557868089767, 0.00935746177605913, 0.00948833324885541, 0.00935746177605913, 0.00897557868089767, 0.00837342470280533, 0.00759766332369768, 0.00670491435004379 },
  { 0.00718708156261747, 0.00814403035474509, 0.00897557868089767, 0.00962103506227202, 0.0100303803288961,  0.0101706630976388,  0.0100303803288961,  0.00962103506227202, 0.00897557868089767, 0.00814403035474509, 0.00718708156261747 },
  { 0.00749286964045489, 0.00849053364211284, 0.00935746177605913, 0.0100303803288961,  0.0104571419697692,  0.0106033933361734,  0.0104571419697692,  0.0100303803288961,  0.00935746177605913, 0.00849053364211284, 0.00749286964045489 },
  { 0.00759766332369768, 0.00860928044217059, 0.00948833324885541, 0.0101706630976388,  0.0106033933361734,  0.010751690143123,   0.0106033933361734,  0.0101706630976388,  0.00948833324885541, 0.00860928044217059, 0.00759766332369768 },
  { 0.00749286964045489, 0.00849053364211284, 0.00935746177605913, 0.0100303803288961,  0.0104571419697692,  0.0106033933361734,  0.0104571419697692,  0.0100303803288961,  0.00935746177605913, 0.00849053364211284, 0.00749286964045489 },
  { 0.00718708156261747, 0.00814403035474509, 0.00897557868089767, 0.00962103506227202, 0.0100303803288961,  0.0101706630976388,  0.0100303803288961,  0.00962103506227202, 0.00897557868089767, 0.00814403035474509, 0.00718708156261747 },
  { 0.00670491435004379, 0.00759766332369768, 0.00837342470280533, 0.00897557868089767, 0.00935746177605913, 0.00948833324885541, 0.00935746177605913, 0.00897557868089767, 0.00837342470280533, 0.00759766332369768, 0.00670491435004379 },
  { 0.00608373319805396, 0.00689377286224615, 0.00759766332369768, 0.00814403035474509, 0.00849053364211284, 0.00860928044217059, 0.00849053364211284, 0.00814403035474509, 0.00759766332369768, 0.00689377286224615, 0.00608373319805396 },
  { 0.0053688757034337,  0.00608373319805396, 0.00670491435004379, 0.00718708156261747, 0.00749286964045489, 0.00759766332369768, 0.00749286964045489, 0.00718708156261747, 0.00670491435004379, 0.00608373319805396, 0.0053688757034337  }

};

static const float g_mediumGaussianWeight[AMD_SHADOWFX_FILTER_SIZE][AMD_SHADOWFX_FILTER_SIZE] =
{
  { 0.00125903864488915, 0.0020758037944622,  0.00306251764775963, 0.00404311371302449, 0.00477637448528137, 0.00504923798775583, 0.00477637448528137, 0.00404311371302449, 0.00306251764775963, 0.0020758037944622,  0.00125903864488915 },
  { 0.0020758037944622,  0.00342242186972987, 0.00504923798775583, 0.00666596757852285, 0.00787491021071277, 0.00832478607124015, 0.00787491021071277, 0.00666596757852285, 0.00504923798775583, 0.00342242186972987, 0.0020758037944622  },
  { 0.00306251764775963, 0.00504923798775583, 0.00744934588061431, 0.00983457271013844, 0.0116181748772064,  0.0122818950061712,  0.0116181748772064,  0.00983457271013844, 0.00744934588061431, 0.00504923798775583, 0.00306251764775963 },
  { 0.00404311371302449, 0.00666596757852285, 0.00983457271013844, 0.0129835319692558,  0.0153382306876543,  0.0162144692154522,  0.0153382306876543,  0.0129835319692558,  0.00983457271013844, 0.00666596757852285, 0.00404311371302449 },
  { 0.00477637448528137, 0.00787491021071277, 0.0116181748772064,  0.0153382306876543,  0.0181199785377958,  0.019155132046764,   0.0181199785377958,  0.0153382306876543,  0.0116181748772064,  0.00787491021071277, 0.00477637448528137 },
  { 0.00504923798775583, 0.00832478607124015, 0.0122818950061712,  0.0162144692154522,  0.019155132046764,   0.0202494215411801,  0.019155132046764,   0.0162144692154522,  0.0122818950061712,  0.00832478607124015, 0.00504923798775583 },
  { 0.00477637448528137, 0.00787491021071277, 0.0116181748772064,  0.0153382306876543,  0.0181199785377958,  0.019155132046764,   0.0181199785377958,  0.0153382306876543,  0.0116181748772064,  0.00787491021071277, 0.00477637448528137 },
  { 0.00404311371302449, 0.00666596757852285, 0.00983457271013844, 0.0129835319692558,  0.0153382306876543,  0.0162144692154522,  0.0153382306876543,  0.0129835319692558,  0.00983457271013844, 0.00666596757852285, 0.00404311371302449 },
  { 0.00306251764775963, 0.00504923798775583, 0.00744934588061431, 0.00983457271013844, 0.0116181748772064,  0.0122818950061712,  0.0116181748772064,  0.00983457271013844, 0.00744934588061431, 0.00504923798775583, 0.00306251764775963 },
  { 0.0020758037944622,  0.00342242186972987, 0.00504923798775583, 0.00666596757852285, 0.00787491021071277, 0.00832478607124015, 0.00787491021071277, 0.00666596757852285, 0.00504923798775583, 0.00342242186972987, 0.0020758037944622  },
  { 0.00125903864488915, 0.0020758037944622,  0.00306251764775963, 0.00404311371302449, 0.00477637448528137, 0.00504923798775583, 0.00477637448528137, 0.00404311371302449, 0.00306251764775963, 0.0020758037944622,  0.00125903864488915 }

};

static const float g_lowGaussianWeight[AMD_SHADOWFX_FILTER_SIZE][AMD_SHADOWFX_FILTER_SIZE] =
{
  { 0.0, 0.0, 0.0, 0.0, 0.0, 0.0, 0.0, 0.0, 0.0, 0.0, 0.0, },
  { 0.0, 0.0, 0.0, 0.0, 0.0, 0.0, 0.0, 0.0, 0.0, 0.0, 0.0, },
  { 0.0, 0.0, 0.0, 0.000239279776639906, 0.00107237755972, 0.00176805169293186, 0.00107237755972, 0.000239279776639906, 0.0, 0.0, 0.0 },
  { 0.0, 0.0, 0.000239279776639906, 0.00291502443383414, 0.0130642331448829, 0.021539279071354, 0.0130642331448829, 0.00291502443383414, 0.000239279776639906, 0.0, 0.0 },
  { 0.0, 0.0, 0.00107237755972, 0.0130642331448829, 0.0585498308977698, 0.0965323515970486, 0.0585498308977698, 0.0130642331448829, 0.00107237755972, 0.0, 0.0 },
  { 0.0, 0.0, 0.00176805169293186, 0.021539279071354, 0.0965323515970486, 0.159154941388758, 0.0965323515970486, 0.021539279071354, 0.00176805169293186, 0.0, 0.0 },
  { 0.0, 0.0, 0.00107237755972, 0.0130642331448829, 0.0585498308977698, 0.0965323515970486, 0.0585498308977698, 0.0130642331448829, 0.00107237755972, 0.0, 0.0 },
  { 0.0, 0.0, 0.000239279776639906, 0.00291502443383414, 0.0130642331448829, 0.021539279071354, 0.0130642331448829, 0.00291502443383414, 0.000239279776639906, 0.0, 0.0 },
  { 0.0, 0.0, 0.0, 0.000239279776639906, 0.00107237755972, 0.00176805169293186, 0.00107237755972, 0.000239279776639906, 0.0, 0.0, 0.0 },
  { 0.0, 0.0, 0.0, 0.0, 0.0, 0.0, 0.0, 0.0, 0.0, 0.0, 0.0, },
  { 0.0, 0.0, 0.0, 0.0, 0.0, 0.0, 0.0, 0.0, 0.0, 0.0, 0.0, },
};

#endif  // AMD_SHADOWFX_FILTER_SIZE_11_FIXED_INC